#  NN	„‡‰ÛÒ˚		„‡‰ÛÒ˚           Z
10556	50,46615	29,99576	972,409
10557	50,46566	29,99213	977,101
10558	50,46515	29,98850	982,050
10559	50,46455	29,98476	986,430
10560	50,46397	29,98092	991,248
10561	50,46366	29,97704	995,776
10562	50,46359	29,97303	997,338
10563	50,46338	29,96895	1000,841
10564	50,46274	29,96499	1003,919
10565	50,46193	29,96113	1006,867
10566	50,46126	29,95728	1009,699
10567	50,46080	29,95341	1013,272
10568	50,46041	29,94945	1017,123
10569	50,45985	29,94545	1017,282
10570	50,45939	29,94146	1016,678
10571	50,45909	29,93744	1015,050
10572	50,45882	29,93332	1009,504
10573	50,45828	29,92930	1007,262
10574	50,45756	29,92537	1002,527
10575	50,45696	29,92156	999,882
10576	50,45653	29,91772	999,232
10577	50,45615	29,91385	997,689
10578	50,45577	29,90995	996,517
10579	50,45539	29,90601	991,710
10580	50,45507	29,90208	988,546
10581	50,45475	29,89814	984,606
10582	50,45429	29,89425	982,212
10583	50,44719	29,89421	971,936
10584	50,44750	29,89781	986,666
10585	50,44780	29,90164	993,077
10586	50,44820	29,90555	992,426
10587	50,44874	29,90949	987,359
10588	50,44917	29,91341	990,116
10589	50,44952	29,91723	997,993
10590	50,44991	29,92108	1004,569
10591	50,45055	29,92488	1009,016
10592	50,45120	29,92881	1010,543
10593	50,45148	29,93292	1012,990
10594	50,45169	29,93692	1015,264
10595	50,45207	29,94102	1003,994
10596	50,45267	29,94486	1000,006
10597	50,45338	29,94866	996,135
10598	50,45386	29,95264	995,548
10599	50,45422	29,95641	1004,522
10600	50,45471	29,96026	1004,918
10601	50,45529	29,96424	993,080
10602	50,45574	29,96830	981,907
10603	50,45622	29,97208	984,230
10604	50,45684	29,97567	990,936
10605	50,45740	29,97954	989,570
10606	50,45766	29,98348	990,411
10607	50,45802	29,98728	993,751
10608	50,45853	29,99113	991,208
10609	50,45901	29,99508	984,712
10610	50,45928	29,99908	979,437
10611	50,45956	30,00287	982,504
10612	50,46013	30,00650	984,261
10613	50,46072	30,01035	981,110
10614	50,45451	30,01354	1001,490
10615	50,45414	30,00959	1002,331
10616	50,45349	30,00565	1002,116
10617	50,45296	30,00178	1003,729
10618	50,45254	29,99788	1008,070
10619	50,45213	29,99394	1012,231
10620	50,45183	29,98999	1017,541
10621	50,45148	29,98596	1022,505
10622	50,45070	29,98203	1032,670
10623	50,44998	29,97813	1037,061
10624	50,44943	29,97396	1027,928
10625	50,44896	29,96979	1021,451
10626	50,44846	29,96573	1018,281
10627	50,44790	29,96176	1014,162
10628	50,44749	29,95778	1008,535
10629	50,44713	29,95378	1003,023
10630	50,44661	29,94984	998,371
10631	50,44609	29,94595	991,664
10632	50,44562	29,94206	985,443
10633	50,44523	29,93826	987,241
10634	50,44487	29,93456	993,683
10635	50,44443	29,93072	994,300
10636	50,44385	29,92683	990,436
10637	50,44336	29,92299	988,704
10638	50,44292	29,91917	990,592
10639	50,44248	29,91540	995,421
10640	50,44209	29,91155	996,617
10641	50,44172	29,90767	998,092
10642	50,44135	29,90380	1000,867
10643	50,44097	29,89994	1005,216
10644	50,44048	29,89595	1003,283
10645	50,42559	29,83466	985,992
10646	50,42591	29,83849	988,351
10647	50,42643	29,84231	992,399
10648	50,42702	29,84599	1000,462
10649	50,42757	29,84998	1001,511
10650	50,42817	29,85391	1002,033
10651	50,42882	29,85779	1004,984
10652	50,42941	29,86168	1013,232
10653	50,42990	29,86567	1018,992
10654	50,43035	29,86965	1029,073
10655	50,43077	29,87362	1041,591
10656	50,43119	29,87770	1053,040
10657	50,43183	29,88158	1072,708
10658	50,43236	29,88580	1089,263
10659	50,43271	29,89010	1101,035
10660	50,43327	29,89482	1095,106
10661	50,43401	29,89923	1091,832
10662	50,43479	29,90353	1081,008
10663	50,43507	29,90801	1074,836
10664	50,43519	29,91226	1073,459
10665	50,43593	29,91608	1064,150
10666	50,43680	29,92001	1037,007
10667	50,43716	29,92433	1008,452
10668	50,43707	29,92830	999,104
10669	50,43724	29,93227	988,913
10670	50,43781	29,93614	984,356
10671	50,43834	29,93996	981,945
10672	50,43873	29,94385	980,349
10673	50,43905	29,94765	985,016
10674	50,43957	29,95135	985,406
10675	50,44036	29,95507	980,164
10676	50,44101	29,95895	974,340
10677	50,44137	29,96285	973,023
10678	50,44180	29,96653	978,054
10679	50,44224	29,97012	993,400
10680	50,44269	29,97401	997,634
10681	50,44309	29,97803	1002,254
10682	50,44347	29,98196	1011,660
10683	50,44399	29,98590	1018,854
10684	50,44459	29,98985	1026,087
10685	50,44509	29,99398	1028,527
10686	50,44554	29,99812	1031,849
10687	50,44608	30,00218	1033,684
10688	50,44673	30,00629	1025,706
10689	50,44724	30,01045	1022,676
10690	50,44756	30,01450	1023,138
10691	50,44783	30,01852	1023,825
10692	50,44295	30,03207	1054,257
10693	50,44255	30,02795	1058,665
10694	50,44210	30,02355	1050,508
10695	50,44148	30,01932	1045,201
10696	50,44079	30,01508	1036,088
10697	50,44018	30,01107	1035,383
10698	50,43972	30,00711	1027,678
10699	50,43929	30,00315	1020,472
10700	50,43891	29,99915	1004,604
10701	50,43855	29,99511	988,329
10702	50,43801	29,99122	973,177
10703	50,43741	29,98753	974,973
10704	50,43687	29,98381	975,985
10705	50,43648	29,98002	974,735
10706	50,43622	29,97622	977,544
10707	50,43582	29,97240	982,255
10708	50,43516	29,96865	987,769
10709	50,43449	29,96493	991,329
10710	50,43404	29,96112	991,771
10711	50,43359	29,95721	992,778
10712	50,43304	29,95335	995,809
10713	50,43252	29,94949	995,396
10714	50,43210	29,94554	993,795
10715	50,43175	29,94169	998,459
10716	50,43131	29,93776	1000,019
10717	50,43080	29,93383	998,669
10718	50,43031	29,92990	999,855
10719	50,42995	29,92606	1005,766
10720	50,42954	29,92215	1011,300
10721	50,42892	29,91822	1013,217
10722	50,42837	29,91426	1012,896
10723	50,42784	29,91022	1008,487
10724	50,42733	29,90628	1009,404
10725	50,42684	29,90236	1011,492
10726	50,42637	29,89836	1007,191
10727	50,42597	29,89440	1005,747
10728	50,42561	29,89039	1001,560
10729	50,42519	29,88642	998,838
10730	50,42458	29,88250	997,333
10731	50,42404	29,87867	998,555
10732	50,42362	29,87483	1002,657
10733	50,42319	29,87100	1007,813
10734	50,42269	29,86714	1011,759
10735	50,42215	29,86322	1011,715
10736	50,42162	29,85929	1011,553
10737	50,42117	29,85535	1009,674
10738	50,42072	29,85132	1002,255
10739	50,42027	29,84734	995,974
10740	50,41985	29,84342	991,834
10741	50,41939	29,83956	990,849
10742	50,41169	29,84054	952,688
10743	50,41201	29,84405	958,565
10744	50,41270	29,84759	963,149
10745	50,41323	29,85118	984,724
10746	50,41361	29,85497	993,566
10747	50,41411	29,85897	983,408
10748	50,41478	29,86278	979,442
10749	50,41528	29,86663	984,046
10750	50,41571	29,87042	990,042
10751	50,41613	29,87429	991,063
10752	50,41660	29,87815	992,209
10753	50,41720	29,88193	993,563
10754	50,41784	29,88580	990,013
10755	50,41837	29,88969	987,978
10756	50,41888	29,89354	986,284
10757	50,41930	29,89740	978,674
10758	50,41966	29,90129	970,531
10759	50,41998	29,90500	973,704
10760	50,42047	29,90862	973,857
10761	50,42103	29,91231	975,422
10762	50,42144	29,91608	977,346
10763	50,42176	29,91987	978,829
10764	50,42215	29,92369	976,165
10765	50,42251	29,92758	977,199
10766	50,42298	29,93125	982,271
10767	50,42358	29,93502	981,159
10768	50,42401	29,93883	990,944
10769	50,42445	29,94245	1005,257
10770	50,42505	29,94642	1000,896
10771	50,42559	29,95040	998,872
10772	50,42603	29,95429	1002,972
10773	50,42655	29,95818	1005,062
10774	50,42703	29,96220	1001,056
10775	50,42748	29,96613	1002,293
10776	50,42797	29,96994	1010,493
10777	50,42842	29,97388	1013,922
10778	50,42879	29,97791	1015,427
10779	50,42918	29,98189	1018,038
10780	50,42975	29,98586	1017,561
10781	50,43033	29,98982	1018,132
10782	50,43081	29,99392	1012,237
10783	50,43118	29,99795	1012,396
10784	50,43159	30,00189	1013,785
10785	50,43222	30,00578	1013,457
10786	50,43292	30,00968	1013,782
10787	50,43357	30,01361	1014,162
10788	50,43399	30,01764	1016,503
10789	50,43426	30,02164	1020,805
10790	50,43463	30,02555	1024,695
10791	50,43501	30,02962	1023,796
10792	50,43518	30,03382	1019,978
10793	50,42872	30,03490	984,204
10794	50,42816	30,03113	990,564
10795	50,42755	30,02737	995,265
10796	50,42712	30,02357	995,983
10797	50,42702	30,01975	997,398
10798	50,42657	30,01575	1000,292
10799	50,42603	30,01188	1002,475
10800	50,42562	30,00798	1004,410
10801	50,42516	30,00397	1003,077
10802	50,42469	29,99999	1002,341
10803	50,42426	29,99603	1003,222
10804	50,42381	29,99208	1004,906
10805	50,42329	29,98814	1005,876
10806	50,42266	29,98425	1009,062
10807	50,42212	29,98038	1011,662
10808	50,42178	29,97646	1014,297
10809	50,42137	29,97244	1016,001
10810	50,42090	29,96839	1008,337
10811	50,42042	29,96433	1003,991
10812	50,41978	29,96036	1000,778
10813	50,41922	29,95652	1003,989
10814	50,41866	29,95265	1005,786
10815	50,41822	29,94878	1005,567
10816	50,41789	29,94482	1004,119
10817	50,41740	29,94088	1003,645
10818	50,41690	29,93696	1002,358
10819	50,41641	29,93303	999,132
10820	50,41592	29,92914	997,116
10821	50,41540	29,92532	999,482
10822	50,41496	29,92143	997,063
10823	50,41460	29,91760	1000,851
10824	50,41415	29,91370	1002,081
10825	50,41370	29,90976	998,292
10826	50,41336	29,90584	998,827
10827	50,41290	29,90194	1000,067
10828	50,41240	29,89804	998,220
10829	50,41192	29,89414	995,853
10830	50,41143	29,89027	996,153
10831	50,41093	29,88643	997,670
10832	50,41042	29,88259	998,435
10833	50,40991	29,87872	1000,003
10834	50,40941	29,87486	1002,166
10835	50,40891	29,87097	1002,566
10836	50,40843	29,86706	1001,925
10837	50,40798	29,86311	997,204
10838	50,40747	29,85917	997,438
10839	50,40689	29,85529	1000,805
10840	50,40626	29,85141	1005,817
10841	50,40569	29,84761	1014,101
10842	50,40564	29,84377	1016,691
10843	50,39971	29,84989	1014,049
10844	50,40015	29,85384	1013,251
10845	50,40049	29,85795	1009,319
10846	50,40090	29,86190	1005,189
10847	50,40137	29,86590	997,645
10848	50,40183	29,86975	1002,884
10849	50,40223	29,87365	1006,383
10850	50,40263	29,87761	1005,144
10851	50,40309	29,88151	1007,529
10852	50,40368	29,88534	1010,929
10853	50,40438	29,88921	1010,144
10854	50,40502	29,89308	1012,277
10855	50,40558	29,89700	1012,866
10856	50,40597	29,90105	1009,253
10857	50,40640	29,90502	1008,909
10858	50,40701	29,90875	1010,895
10859	50,40740	29,91275	1008,821
10860	50,40769	29,91665	1005,579
10861	50,40807	29,92057	999,635
10862	50,40857	29,92445	991,855
10863	50,40892	29,92843	981,598
10864	50,40899	29,93238	977,407
10865	50,40931	29,93610	971,343
10866	50,40986	29,93988	962,983
10867	50,41043	29,94351	968,707
10868	50,41090	29,94711	975,393
10869	50,41136	29,95084	981,437
10870	50,41159	29,95466	989,190
10871	50,41209	29,95843	990,619
10872	50,41275	29,96226	995,947
10873	50,41338	29,96618	999,491
10874	50,41398	29,97003	1004,196
10875	50,41439	29,97408	1007,078
10876	50,41464	29,97810	1009,911
10877	50,41484	29,98213	1010,233
10878	50,41523	29,98605	1011,750
10879	50,41602	29,98971	1015,259
10880	50,41709	29,99343	1012,803
10881	50,41826	29,99705	1014,958
10882	50,41871	30,00119	1023,813
10883	50,41865	30,00533	1032,183
10884	50,41824	30,00948	1035,808
10885	50,41819	30,01352	1031,631
10886	50,41860	30,01764	1016,766
10887	50,41926	30,02167	999,523
10888	50,41989	30,02547	994,322
10889	50,42064	30,02925	982,051
10890	50,42126	30,03311	975,986
10891	50,42162	30,03690	977,727
10892	50,42214	30,04052	975,853
10893	50,41318	30,01796	908,310
10894	50,41270	30,01465	906,220
10895	50,41228	30,01125	905,952
10896	50,41179	30,00781	904,745
10897	50,41128	30,00441	905,714
10898	50,41080	30,00110	922,363
10899	50,41029	29,99783	941,121
10900	50,40977	29,99433	952,383
10901	50,40940	29,99069	959,237
10902	50,40916	29,98699	971,537
10903	50,40890	29,98327	986,779
10904	50,40831	29,97929	992,514
10905	50,40765	29,97541	997,058
10906	50,40714	29,97154	1004,966
10907	50,40667	29,96764	1013,322
10908	50,40616	29,96368	1023,424
10909	50,40555	29,95968	1029,747
10910	50,40484	29,95553	1020,399
10911	50,40424	29,95142	1009,547
10912	50,40401	29,94739	1002,559
10913	50,40369	29,94341	1005,963
10914	50,40318	29,93945	1003,463
10915	50,40270	29,93549	998,116
10916	50,40230	29,93156	994,835
10917	50,40197	29,92766	992,922
10918	50,40164	29,92379	996,462
10919	50,40111	29,91993	997,833
10920	50,40055	29,91606	997,824
10921	50,40021	29,91221	998,183
10922	50,39984	29,90825	995,193
10923	50,39929	29,90440	999,998
10924	50,39877	29,90058	1005,637
10925	50,39832	29,89671	1013,563
10926	50,39793	29,89283	1022,105
10927	50,39735	29,88876	1020,788
10928	50,39667	29,88473	1020,616
10929	50,39597	29,88080	1023,282
10930	50,39538	29,87686	1026,980
10931	50,39498	29,87289	1032,420
10932	50,39456	29,86884	1037,928
10933	50,39416	29,86470	1033,538
10934	50,39383	29,86053	1031,106
10935	50,39336	29,85635	1024,620
10936	50,39288	29,85230	1026,033
10937	50,39241	29,84830	1027,977
10938	50,38642	29,85364	1033,177
10939	50,38656	29,85784	1030,801
10940	50,38694	29,86172	1037,636
10941	50,38768	29,86557	1046,432
10942	50,38813	29,86989	1041,766
10943	50,38845	29,87417	1038,759
10944	50,38894	29,87819	1042,580
10945	50,38956	29,88223	1043,658
  NN	ÉêÄÑìëõ	         ÉêÄÑìëõ           Z
10946	50,39003	29,88640	1045,924
10947	50,39027	29,89065	1043,685
10948	50,39069	29,89481	1039,746
10949	50,39142	29,89878	1033,889
10950	50,39216	29,90281	1029,449
10951	50,39274	29,90687	1024,628
10952	50,39299	29,91101	1016,800
10953	50,39324	29,91501	1009,388
10954	50,39370	29,91886	1006,415
10955	50,39434	29,92250	1009,617
10956	50,39504	29,92629	1005,143
10957	50,39539	29,93035	999,309
10958	50,39568	29,93428	991,549
10959	50,39603	29,93820	983,397
10960	50,39648	29,94182	990,762
10961	50,39714	29,94548	988,721
10962	50,39777	29,94929	987,572
10963	50,39819	29,95332	982,888
10964	50,39841	29,95736	983,265
10965	50,39878	29,96112	988,637
10966	50,39940	29,96486	988,172
10967	50,40004	29,96885	979,120
10968	50,40068	29,97264	973,055
10969	50,40115	29,97654	966,501
10970	50,40159	29,98036	961,492
10971	50,40198	29,98405	965,090
10972	50,40228	29,98784	963,165
10973	50,40257	29,99158	963,370
10974	50,40299	29,99510	979,031
10975	50,40345	29,99870	988,999
10976	50,40399	30,00253	989,711
10977	50,40430	30,00649	986,640
10978	50,40462	30,01033	979,452